YEAR    JAN    FEB    MAR    APR    MAY    JUN    JUL    AUG    SEP    OCT    NOV    DEC   D-J-F   M-A-M   J-J-A   S-O-N  metANN
1954  999.9  999.9  999.9  999.9  999.9  999.9  999.9  999.9  999.9  999.9  999.9    3.8   999.9   999.9   999.9   999.9  999.90
1955    4.4    6.9    7.2    9.7   16.6   21.9   23.1   22.0   18.5   15.5    7.8    3.2     5.0    11.2    22.3    13.9   13.12
1956    1.5    0.2    2.0   12.3   14.2   20.3   23.0   25.0   16.8   11.3    5.4    0.5     1.6     9.5    22.8    11.2   11.27
1957   -2.0    3.9    6.0   13.1   15.1   21.5   25.2   25.9   20.6   14.5    7.0    2.8     0.8    11.4    24.2    14.0   12.61
1958    1.9    4.9    6.4   10.8   17.3   19.7   22.8   23.3   17.2   12.1    7.0    3.6     3.2    11.5    21.9    12.1   12.18
1959    2.1   -4.8    4.6   11.5   16.0   19.3   23.2   21.8   15.4    9.9    6.2    5.2     0.3    10.7    21.4    10.5   10.73
1960    2.9    0.0    5.4   10.8   17.2   19.3   23.6   22.0   18.5   15.1    9.5    5.4     2.7    11.1    21.6    14.4   12.46
1961   -0.6    1.1    4.4   13.3   16.8   20.0   23.5   23.4   16.2   12.6    8.6    3.4     2.0    11.5    22.3    12.5   12.06
1962    2.0    1.7    8.2   11.6   17.5   21.1   24.9   25.4   18.8   13.7   11.6    5.0     2.4    12.4    23.8    14.7   13.33
1963    2.6    4.7    4.0   10.5   14.6   19.7   23.0   24.4   19.4   13.4    8.1    3.3     4.1     9.7    22.4    13.6   12.45
1964   -3.2   -0.8    7.2   10.1   14.5   19.0   23.0   21.2   17.8   14.1    7.4    4.8    -0.2    10.6    21.1    13.1   11.13
1965    1.9   -0.3    7.2    9.9   15.4   21.1   23.0   23.3   19.9   10.2    7.4    4.9     2.1    10.8    22.5    12.5   11.98
1966    2.6    6.2    7.2   12.6   15.3   19.9   24.3   24.3   18.6   16.1   12.1    4.2     4.6    11.7    22.8    15.6   13.68
1967    0.2   -2.2    4.7   10.5   15.4   18.7   22.1   23.0   18.3   13.8    5.9    4.0     0.7    10.2    21.3    12.7   11.22
1968   -1.3    1.1    5.1   14.0   18.6   19.1   23.4   21.8   17.8   12.2    8.7    4.2     1.3    12.6    21.4    12.9   12.04
1969    0.3    1.1    6.9    8.5   17.4   21.0   21.3   24.5   19.7   12.2    7.5    5.8     1.9    10.9    22.3    13.1   12.05
1970    4.6    4.9    7.9   14.1   15.2   20.3   24.6   22.5   18.4   11.3    7.8    1.1     5.1    12.4    22.5    12.5   13.12
1971    4.8    3.1    7.3   10.8   15.9   19.7   23.4   22.4   19.4   10.9    7.6    1.8     3.0    11.3    21.8    12.6   12.20
1972   -3.6   -2.2    6.4   13.8   16.6   20.4   23.6   22.8   18.7   13.2    6.0   -0.4    -1.3    12.3    22.3    12.6   11.46
1973   -2.4    5.3    4.5   10.6   16.6   19.1   23.2   21.9   19.7   13.6    5.2    1.8     0.8    10.6    21.4    12.8   11.41
1974   -3.8    2.9    8.3    9.4   15.4   21.3   23.0   22.2   17.3   16.8    7.4    0.9     0.3    11.0    22.2    13.8   11.83
1975   -0.9    1.3    8.5   13.4   15.1   20.7   24.5   23.2   18.9   12.6    5.9   -1.4     0.4    12.3    22.8    12.5   12.01
1976   -2.9   -3.2    4.8   11.2   16.1   19.9   22.4   21.2   17.1   14.4    9.0    2.2    -2.5    10.7    21.2    13.5   10.72
1977   -0.7    6.7    6.1   11.6   16.6   19.9   23.8   23.5   18.3   10.3    9.5    1.6     2.7    11.4    22.4    12.7   12.32
1978    1.5    6.4    7.9   10.3   16.5   20.4   24.0   21.8   17.7   14.0    4.9    3.9     3.2    11.6    22.1    12.2   12.25
1979    1.7    5.1    8.8   11.5   16.4   21.1   22.1   24.4   19.9   12.9    8.5    3.3     3.6    12.2    22.5    13.8   13.03
1980   -2.7    0.4    5.4    9.9   16.0   20.4   25.4   23.0   16.9   14.3    8.3    4.1     0.3    10.4    22.9    13.2   11.72
1981    3.1    3.1    7.5   10.7   13.9   21.3   23.9   22.6   19.7   15.8  999.9    7.0     3.4    10.7    22.6    14.8   12.89
1982    1.8    0.4    5.0   11.5   16.7   19.7   20.8   21.9   19.5   12.8    5.0    3.6     3.1    11.1    20.8    12.4   11.84
1983   -3.0    0.5    6.5   12.7   16.3   18.7   22.0   20.7   18.9   11.5    7.2    3.3     0.4    11.8    20.5    12.5   11.30
1984    3.4    4.9    6.7    8.9   16.9   20.1   22.1   19.8   20.4   14.0    7.9   -0.6     3.9    10.8    20.7    14.1   12.37
1985    3.0   -3.0    3.5   12.3   18.1   20.6   21.3   25.4   18.4   10.8    9.2    2.5    -0.2    11.3    22.4    12.8   11.58
1986    3.5    4.2    8.2   13.9   13.3   19.4   22.1   26.4   20.7   12.7    4.5    1.6     3.4    11.8    22.6    12.6   12.62
1987    2.7    5.1    1.4    9.6   15.7   19.6   24.4   22.2   20.2   12.3    6.9    3.0     3.1     8.9    22.1    13.1   11.81
1988    2.2    3.4    5.4   12.0   16.4   19.0   23.8   23.4   18.5   11.5    4.1    4.1     2.9    11.3    22.1    11.4   11.89
1989   -1.8    1.0    9.4   16.7   16.1   20.0   23.8   25.1   18.8   11.8    7.1    1.2     1.1    14.1    23.0    12.6   12.68
1990   -3.3    2.6    7.6   10.9   15.0   19.7   24.4   22.6   17.8   13.4    9.9    3.9     0.2    11.2    22.2    13.7   11.82
1991    0.1    0.4    7.9   11.1   14.2   20.6   24.8   23.7   18.4   13.7    7.6   -0.1     1.5    11.1    23.0    13.2   12.20
1992   -3.6   -2.6    4.3   11.8   16.6   19.4   20.9   23.8   17.1   15.5    5.8   -0.2    -2.1    10.9    21.4    12.8   10.74
1993   -3.6   -0.3    6.1   10.8   15.7   20.1   23.3   23.5   19.7   15.4    4.5    4.4    -1.4    10.9    22.3    13.2   11.25
1994    4.2    2.2    7.2   14.4   17.4   21.0   24.6   23.9   23.2   16.4    6.0    0.9     3.6    13.0    23.2    15.2   13.74
1995    3.7    5.6    7.1   10.3   18.0   22.2   21.2   23.8   19.4   12.0    3.8    3.2     3.4    11.8    22.4    11.7   12.33
1996    2.1    5.1    4.1    9.6   18.2   20.5   25.5   23.7   17.6   11.8    8.3    6.8     3.5    10.6    23.2    12.6   12.47
1997    2.6    1.0    3.7    7.8   17.7   20.5   23.0   21.1   16.2   13.2    7.5    3.9     3.5     9.7    21.5    12.3   11.76
1998    2.4    3.5    4.2   13.8   16.3   20.5   24.9   25.5   19.6   14.8    8.8    4.8     3.3    11.4    23.6    14.4   13.18
1999    3.6    3.6    6.9   12.4   17.2   20.3   24.7   24.1   19.1   14.2    7.0    5.3     4.0    12.2    23.0    13.4   13.16
2000   -3.1   -0.8    4.8   13.3   15.8   20.1   26.8   23.1   19.2   12.5    9.0    2.5     0.5    11.3    23.3    13.6   12.17
2001    3.3    4.4   11.8   12.9   15.1   22.2   26.6   25.0   21.1   13.5    7.2    2.7     3.4    13.3    24.6    13.9   13.80
2002   -3.6    5.2    8.8   10.6   16.9   21.0   25.0   22.7   18.5   13.5    8.2   -0.6     1.4    12.1    22.9    13.4   12.46
2003    5.6   -0.1    3.4   10.5   19.2   22.8   23.7   24.5   18.2   14.6    8.2    2.1     1.6    11.0    23.7    13.7   12.50
2004    0.4    2.6    7.4   11.7   16.0   20.2   23.8   23.1   19.5   14.4    7.4    2.5     1.7    11.7    22.4    13.8   12.38
2005    3.7    2.7    6.4   11.8   16.8   19.7   25.2   25.6   18.9   11.0    6.3    3.2     3.0    11.7    23.5    12.1   12.55
2006   -1.5    0.6    7.7   13.3   16.8   21.8   23.4   27.4   18.4   13.8    5.8    1.3     0.8    12.6    24.2    12.7   12.56
2007    1.5    2.8    7.4    9.3   20.6   22.7   26.9   26.5   20.9   15.5    7.0    2.1     1.9    12.4    25.4    14.5   13.53
2008   -3.9    0.2   10.2   14.0   15.6   22.2   25.1   26.8   20.0   13.5    8.9    2.1    -0.5    13.3    24.7    14.1   12.89
2009    2.5    4.5    5.5   11.2   16.0   22.1   23.7   23.4   18.4   16.9    7.4    5.5     3.0    10.9    23.1    14.2   12.81
2010    3.2    6.6    8.4   12.1   17.9   21.4   25.8   22.5  999.9   12.3   11.3    6.1     5.1    12.8    23.2    14.7   13.95
2011    2.4    3.2    5.9   10.0   15.1   19.4   25.1   23.5   20.0   11.1    3.5    3.9     3.9    10.3    22.7    11.5   12.11
2012   -0.8   -1.8    3.8   14.8   17.3   23.8   26.8   23.8   22.1   16.9    9.2    4.3     0.4    12.0    24.8    16.1   13.32
2013    3.2    6.4    8.6   13.2   19.5   21.7   23.5   24.1   18.2   11.6    8.4   -1.0     4.6    13.8    23.1    12.7   13.56
2014    3.1    5.9    8.3   13.3   16.2   19.7   25.5   25.7   19.2   13.3    5.0    5.7     2.7    12.6    23.6    12.5   12.85
2015    1.4    3.4    7.1    9.1   16.8   18.4   24.0   24.6   23.3   14.5  999.9  999.9     3.5    11.0    22.3   999.9  999.90

